  97.5053812  231.5121951  147.8384742  281.9269462
 226.7217198  338.9864707  611.7525525  105.1095242
 282.2078240  264.7141169   32.3172120  261.9345224
 289.3298172  104.7484097  265.5842762  151.5959994
 295.5757191  204.8778244   48.4654774  197.8669250
 321.2645964  175.1379998   78.4806948  166.8859509
 353.2022107  140.0585043  114.8846677  133.4053500
 354.5652686  310.9419139  110.0474439  309.4528032
 376.4817075  231.8053815  136.5488212  228.8466029
 411.3778678  143.0715379  323.6863595  199.7732399
 435.9239415  131.6786432  200.2146819  129.8243578
 523.4030412  244.9570047  281.9453548  244.8218046
 527.1982804  145.9671515  136.1862834  281.3009756
 539.2448964  334.8619060  294.8819862  331.6497155
 556.2209976  150.6383299  314.2389117  156.0894043
 578.5562055  228.1553916  396.0241256    9.0390638
 581.2461085  296.9373434  333.3424217  295.0135686
 135.6104216  227.7192111   82.2914260  157.7671627
 266.2512237  104.6101162   16.0822602   86.6327025
 299.4901888  186.7566884   53.9045264  178.4580543
 315.6581606  216.8935824   71.0623969  212.3534027
 325.8620505  135.4873655   84.8039848  125.5933826
 336.4967360  224.5010816   93.1102905  219.9756654
 347.9735793  145.6757175  109.1632738  138.2430206
 351.0450016  250.8740493  108.9217811  248.1669224
 360.6640098  252.9620307  118.7565784  250.0369606
 360.7810698  146.1080617  122.8880183  139.4397114
 370.6723961  243.1285636  129.9949890  240.1444334
 373.0594964  210.0495530  133.2444031  206.1918404
 383.6616660  244.6060969  143.1258654  241.9360003
 408.0093147  123.3432492  173.6605063  119.7270915
 447.8553280  293.0029162  208.0056623  291.8201312
 450.5908720  101.0439753  244.0808376  103.4455639
 456.2816597  101.2558583  236.2211910  103.6448231
 460.3882423   78.2611437  203.3610429   66.8995335
 522.3405632  327.8537357  279.7090724  325.2063499
 522.3405632  327.8537357  279.7090724  325.2063499
 538.2717160  257.5077538  295.2833747  257.3828709
 545.4449036  320.2848079  300.2839571  317.6776178
 583.7081146  334.5881237  335.0885021  330.5626089
 590.0577383  133.1476633  344.6583431  142.2547435
 610.8389008  147.8989317  362.0893455  156.5811441
  26.3222933  249.6164517  227.2564012  267.9582581
  77.5052901   60.7423320  140.1108708   63.7797116
 275.4788533  117.4501423   26.1583709  101.9918572
 287.6131548  217.6664194  559.8231784  265.4419336
 287.6131548  217.6664194  126.2577073   64.7399986
 313.7839906  179.8347264   70.2894739  171.4309206
 315.6427502  124.6838996   73.0613999  113.9137474
 325.4282789  144.3835747   83.5802278  135.1550058
 325.4282789  144.3835747   83.5802278  135.1550058
 329.5328768  217.8021876   85.7984698  212.9890758
 332.5955403  160.5926532   92.0697978  152.7435112
 339.7695280  315.2734319   94.6545529  314.6139804
 351.2546611  135.0619978  111.9315487  127.5562310
 351.3972493  183.2161239  109.8519881  176.2688183
 354.0317376   90.0176162  116.7865598   80.6891621
 354.0317376   90.0176162  116.7865598   80.6891621
 357.2896436  273.3089395  115.5966122  272.0642390
 362.6045728  133.6525648  123.4208978  126.8599217
 384.7531724  282.0490786  136.1862834  281.3009756
 401.7346440  166.2655303  164.3976059  162.7946479
 406.7255332  172.6813041  169.9570897  169.8302909
 408.9528091  235.4388226  169.6235850  233.4990058
 412.1439795   99.9141380  177.3988276   96.3616292
 415.4113881  156.3882357  178.9533383  154.5582248
 427.8264006  100.5318420  192.3566193   98.2410500
 442.5445683  101.0461176  208.1752188  100.1710596
 454.2388001  146.5428737  216.9763102  145.9106172
 454.2388001  146.5428737  216.9763102  145.9106172
 456.7299623  101.5980567  236.2211910  103.6448231
 456.7299623  101.5980567  236.2211910  103.6448231
 465.7461550  467.0150031  221.7576698  463.6980495
 499.6986515  143.7817241  261.7216399  145.6924234
 499.6986515  143.7817241  261.7216399  145.6924234
 540.9807442  279.1285564  296.9312966  278.2007825
 556.8315895  333.7995598  311.8186192  330.5268894
 568.6467825  322.1624384  321.7852983  319.0803784
 569.9394703  206.4730968  325.3945406  209.2248248
  54.0727888  412.0313391   76.4933309  128.5856454
 191.5878349   61.3522386  200.8777197   60.8494742
 319.0017661   65.0505804  200.8777197   60.8494742
 345.7228071  131.6002767  107.9491304  123.2021937
 356.9805232  277.8964901  114.8815391  276.5292538
 404.1852365  201.8436122  165.6959285  199.2565005
 411.0599935  184.4525963  173.1578052  182.1640250
 434.0308147  145.3360096  197.9921451  142.9860044
 501.1566359  191.7300065  262.4684540  192.7944600
 501.1566359  191.7300065  262.4684540  192.7944600
 534.3969425  199.0241866  223.9155722  271.0941990
 582.2933505  270.5801280  334.3717376  270.0373717
 585.7193136  135.3885763  340.4267154  143.5537720
 297.0286763   85.1051545   51.8291759   68.4120566
 305.7138548   94.3967609   62.6678540   80.7175542
 318.1469210   82.4157160   76.8548566   68.8278491
 322.9291311  126.5551296   81.1371922  117.0764571
 328.6889656  147.1313817   86.5462617  138.6958319
 338.9184888  278.3792803   95.5153103  276.3970310
 350.0811638  139.1607123  110.9838299  133.5780717
 350.6591640  273.9196135  107.2416296  272.1766349
 352.8927622  307.8755491  108.4314002  305.8977982
 361.2000722  150.4784203  124.2688215  143.8921874
 365.6015009  268.1820366  124.1410543  266.2208427
 388.4277900  236.8091395  148.6679357  234.4472363
 408.5007427  140.0212627  172.2272024  136.9546502
 408.5007427  140.0212627  172.2272024  136.9546502
 408.4703904  223.8713105  169.3178629  221.7222312
 417.6461646  160.2770289  180.9847109  157.9729460
 483.4186936  283.0254192  243.8474401  281.6545356
 507.9345187  263.1732644  267.7823561  262.8975594
 526.7349544  287.4294716  284.5269282  285.9256763
 526.7349544  287.4294716  284.5269282  285.9256763
 553.2261523  319.4178491  307.9810294  316.4834380
 553.9546305  323.9644693  308.0893524  321.1819167
 555.2536929  329.9174907  110.9838299  133.5780717
 556.7343183  281.4158073  311.7227871  280.3329009
 623.8228485  255.9767207  370.9174270  256.9514542
  30.1517521  244.6226882  294.0182645  204.9214041
 269.9350792  175.6460253   19.1671069  164.3996450
 307.3986778   88.1327501   64.5003988   71.4237441
 307.3986778   88.1327501   64.5003988   71.4237441
 336.1264758  219.6008168   93.7449306  215.0532282
 348.7545333  168.9425039  107.5985875  162.3043553
 348.7545333  168.9425039  107.5985875  162.3043553
 351.1429509  261.2403184  107.8771646  259.0938878
 354.0041236  314.7420018  110.3770453  313.4579240
 391.0334716  122.4446598  154.5505856  123.7520718
 397.6463199  193.6415278  159.4607464  190.2279292
 406.2074573  118.8218014  172.1214386  115.7913200
 416.8547447  168.1103405  179.9547566  165.3335764
 490.9543482   88.3983865  255.0347769   91.2899604
 520.6433177  322.5468923  278.6071794  319.2133966
 529.2701779  296.4475839  286.8023135  295.0577554
 543.9179447  157.2958604  302.9448775  161.1642845
 543.9179447  157.2958604  302.9448775  161.1642845
 546.3668841  327.3608108  301.7366623  324.2153175
 549.0178189  124.0950356  308.4827401  130.6664337
 558.8687207  299.0147919  313.1011096  296.7524555
 564.4876673  137.1087100   69.4422315  277.8023713
 588.4510147  231.9228324  341.1937447  235.3804397
  14.3600631   58.9458667  153.8983652  282.0310688
  25.9536682  249.7267852  227.2564012  267.9582581
 272.5272447  283.8077611   18.3040097  282.9451518
 282.9142933  168.7138766   34.6597914  158.4588887
 288.8587066  183.8397291   41.6442003  174.7589136
 338.1781446  230.8988380   94.8710233  226.9268848
 354.5991806  241.9896611  112.9191397  238.9951328
 376.1992914  175.8539695  136.8296753  172.1314895
 380.6089765  255.9394250  139.0565636  253.6898575
 384.2547470  188.0583236  146.7484565  184.4111280
 387.2911392  172.4372505  149.4546736  168.6019450
 399.0476360  200.7452553  160.5401133  197.7666266
 402.3482493  114.6204140  168.3407650  111.7002383
 415.6292790  156.4054780  178.9533383  154.5582248
 416.7420015  231.0941402  177.9141769  229.1546112
 422.8572293  114.0500550  187.2628874  111.1956931
 422.8572293  114.0500550  187.2628874  111.1956931
 428.3765664  100.7192853  192.3566193   98.2410500
 443.5213595  114.9222669  207.0661485  113.3097039
 443.5213595  114.9222669  207.0661485  113.3097039
 444.8057300  223.7162781  158.9809640  279.7710426
 453.9195265  146.3413049  216.9763102  145.9106172
 453.9195265  146.3413049  216.9763102  145.9106172
 453.7341608  221.9670930  215.0353580  221.0695700
 456.9467244  267.1096508  216.4353375  265.7906266
 474.8150287  266.8996599  235.3726198  266.0119918
 477.6662984  102.6930763  236.9981613  104.0499809
 504.2850917  245.8196691  584.0614135   69.5261523
 521.2584344  285.3966335  278.7248440  283.7620025
 531.9620505  331.6815661  288.0248136  328.9057588
 531.9620505  331.6815661  288.0248136  328.9057588
 550.9218504  286.2142231  306.3195802  284.8807445
 564.0110559  232.9144115  163.4713609  242.3406536
 568.6135437  321.9154146  321.7852983  319.0803784
 584.1216710  229.9080358  337.3463857  231.9511281
 608.2925565  284.9153394  357.0639136  284.0277259
 283.8658959  161.7207688   35.5625120  151.4573308
 286.2968365  197.0018983   38.3575639  188.4975268
 301.7021096  106.4683900   57.6680350   92.5036453
 337.3582631  154.0548335   98.1017182  145.2906589
 337.3582631  154.0548335   98.1017182  145.2906589
 354.9786063  223.8384618  114.7756429  219.9851546
 383.1134799  209.2421759  143.3141930  206.3605670
 400.9147833   73.1377392  166.5537712   67.1025267
 412.5852849  205.9251549  174.3447993  203.7607636
 494.2792294  265.2820723  253.8980781  265.6892704
 518.5392160  222.9496929  277.4763183  224.0479146
 553.8376198  292.7220224  308.7461768  290.9157055
 567.3246454  299.4690871  321.0268678  298.9300389
 578.3475255  333.5892333  330.3450906  329.6549895
 587.1813253  140.7224192  341.4117508  148.5402212
 587.1813253  140.7224192  341.4117508  148.5402212
 198.1143698  136.2796157  575.9404915  119.1413092
 273.1932346  168.4908933   21.8549732  156.0534955
 307.9395034  144.0914498   63.1179225  134.7395751
 311.8792798  192.2795346   66.5918059  186.0439465
 322.8630428  100.3126219   82.8020911   88.9638702
 325.1387884  174.9253535   83.8134145  166.6104763
 329.1186099  300.8872351   80.7145567  299.9117631
 367.7485831  135.7485484  132.0632556  130.9756585
 371.8065806   71.7292320  140.1108708   63.7797116
 376.8337533  188.0127300  138.1246934  183.7855127
 402.8658267  189.0157994  164.2855319  185.8591430
 412.0699883  175.9195231  174.4429612  173.1963344
 501.2820115  235.4982493  261.4061464  234.4786657
 512.3899108  182.3179782  272.9848027  184.1729623
 512.3899108  182.3179782  272.9848027  184.1729623
 550.6576424  143.5263097  309.0639276  148.4678575
 551.2574340  302.6208553  306.8014252  300.6298154
 568.2687563  196.4691839  323.6863595  199.7732399
 569.0065688  213.5169337  324.2690172  215.4371672
 604.3169588  120.8377743  356.0786201  130.4978701
 131.8829430  229.6526524   34.6171073  222.8795200
 269.3959690  200.1312545   17.0029221  190.8837902
 284.3539037  228.8595087   34.6171073  222.8795200
 288.1947930  167.4264407   41.0382763  156.7932596
 328.4172727  138.7946148   89.0281556  127.9927855
 340.8946095  310.5317129   97.2668231  309.3764785
 356.1513339  249.6807033  114.3064195  247.0215389
 370.3345270  182.3111675  131.8336255  178.3359533
 401.7330509   67.1578335  166.8093062   60.6973334
 408.1238481  142.8777960  171.4896597  139.8837696
 413.3018749   60.0819986  298.2799567  130.0318178
 448.2693467  283.9029064  208.6457213  283.2616770
 449.2622608  199.6690553  211.7468653  197.8276442
 470.0229709  272.8190315  229.7235245  271.6194488
 494.6262304  206.2769529  255.0614776  206.7488091
 498.6399254  243.6362737  258.1468508  243.1654150
 502.3052907  408.2801014  259.6827540  404.2839980
 520.0132409  182.5176182  279.7351940  185.2801845
 520.8946770  322.2006033  278.6071794  319.2133966
 529.7822269  296.7294762  286.8023135  295.0577554
 534.4682066  187.6104274  293.3270213  190.2644214
 551.1943954  308.8065938  306.0409861  307.0501181
 571.4259517  328.9533981  123.5682688  313.6075377
 574.6776265  219.2483981  329.0095903  221.5634036
 584.7902864  146.1217924  339.8942445  153.6148845
 620.8302673  238.0805043  368.6775735  239.5788451
  59.7657466   55.7972537  209.1125946   64.7843391
 282.8489458  112.3741425   31.5659083   96.9514239
 283.5844457  154.6429407   36.2384461  143.4468598
 291.0659040  139.7669066   46.1169654  128.9682516
 307.6065800   78.0695661   64.3709295   63.9594048
 309.1357138  105.9607557   66.2182408   93.4381794
 309.1357138  105.9607557   66.2182408   93.4381794
 321.5605785  108.9425533   80.9816174   97.8628726
 338.4178555   97.2492698  101.4838726   84.9077089
 345.0560317  170.1355412  104.9503536  163.0974829
 367.7657705  164.8305845  129.5095348  158.9261985
 368.2219103  260.0039802  128.5214195  257.4194328
 384.0107078  288.1342798  209.1125946   64.7843391
 387.9231136  180.0061392  150.7223265  176.0170183
 392.6847697  106.1346141  156.7604767  100.7447235
 409.1412528  167.6305538  172.5461789  165.0141613
 442.6138291  274.1724162  202.9249643  272.7925067
 456.7553873   71.9404019  209.1125946   64.7843391
 521.1864704  188.6527765  280.2628130  190.4602724
 534.3382126  207.6789599  293.0218691  209.2588347
 587.3045834  165.6520365  341.2471952  171.9337560
 597.6355966  126.7136808  349.8017782  135.2009566
 604.6427601  106.0821903  358.1429614  118.4246477
 604.4630541  279.1330944  353.8246172  278.4515082
 619.1552250  129.3193897  370.1393488  140.3204837
 129.7406427   81.6814170  197.2301920  250.0756730
 294.9356589  198.2684626   48.3205348  190.4125748
 294.9356589  198.2684626   48.3205348  190.4125748
 328.5379537  183.0682046   85.7109336  176.2032018
 328.5379537  183.0682046   85.7109336  176.2032018
 329.6623100  229.9475172   85.6955866  225.1038881
 329.6623100  229.9475172   85.6955866  225.1038881
 344.2952881  236.4850012  101.6541531  232.9206747
 346.5294394  310.9088196  102.4114310  309.9051463
 348.0813000  111.4396488  111.9274268  101.9647860
 385.4282308  216.0861997  146.1774076  213.4596074
 415.2743756  125.9210501  179.8505316  123.8410798
 481.5721649  287.5311785  240.9241661  285.8580328
 495.1813161  242.4998362  258.1468508  243.1654150
 509.3672511  138.3512797  270.9625283  141.4053581
 521.0724597  152.5174302  280.7371514  156.0620960
 549.8127200  171.7810226  307.5729917  175.8316787
 553.6822107  220.5548966  310.2655625  221.8979150
 558.1143033  124.6146618  315.6866757  130.1757147
  90.7983145   64.2459603  140.1108708   63.7797116
 334.6769362  192.0158121   88.7165090  186.0369157
 358.4665264  104.3032148  122.2890972   95.8519895
 357.9528965  168.8026326  119.4942162  163.0421502
 494.4383153  287.6871136  252.4619716  286.1735515
 543.1064788  214.4661356  301.3029023  216.0929706
 551.3344655  302.4821308  306.8014252  300.6298154
 568.1353510  196.4978099  323.6863595  199.7732399
 568.7173174  214.1746450  324.2690172  215.4371672
 596.4954526  168.0753648  351.5406140  177.6661701
 598.1982447  252.2818772  347.2645884  253.9129313
 305.2961961  166.0330643   61.1032004  157.7423111
 320.0593408   72.4011012   78.0682493   56.5890351
 379.7205998  119.0993484  143.8579396  114.2511017
 503.5633690  149.4913089  265.5842762  151.5959994
 565.1132800  330.9909403  319.6331266  327.0794455
 595.5903633  208.1191758  347.8824668  212.0842504
 360.6054185  135.0049220  123.3423523  129.0762563
 360.6054185  135.0049220  123.3423523  129.0762563
 363.8790998   75.1128506   78.0682493   56.5890351
 448.5847820  141.5354595  212.4106775  140.7157925
 448.5847820  141.5354595  212.4106775  140.7157925
 495.2918530  101.1607479  262.0174585  105.5008463
 520.7196432  291.3357423  278.7522733  289.0193084
 545.0334407  328.6580216  300.1064045  325.3936579
 565.7358290  185.5355739  320.3240092  189.8144531
 565.7358290  185.5355739  320.3240092  189.8144531
 598.6689377  169.1993548  351.5406140  177.6661701
 302.3764931  154.6855871   58.3375553  145.5036351
 316.3692249  149.6589016   72.8459632  139.4011782
 325.2177481  161.0965367   83.7931187  153.2354991
 361.0583308  236.2230326  118.7762515  232.3536048
 388.6078932  131.5927805  154.5505856  123.7520718
 415.6486308  240.4782331  176.8003276  238.6644642
 415.6486308  240.4782331  176.8003276  238.6644642
 522.0708543  337.6251678  277.9239896  333.4469176
 548.3348427  153.0196890  307.1208952  157.4308273
 558.1250074  124.4298333  315.6866757  130.1757147
 558.7466613  278.5729289  312.4407564  278.3283903
 602.9243487  263.4984418  353.6221327  263.3916303
 414.4929213  192.1010351  176.5017408  189.0496933
 429.5840897  276.4467567  187.7126682  275.7412877
 527.8803157  273.4901180  285.5092779  271.6955248
 540.9088308  290.9455738  297.0556454  289.6026972
 300.5476318  181.2500305   56.2752636  174.9779531
 316.1307802  309.3081402   67.8523631  309.5583093
 342.7942591  116.9618027  105.7774807  107.0682056
 342.7942591  116.9618027  105.7774807  107.0682056
 367.7750565  178.5382543  128.2335594  173.9360376
 372.4453735  149.3020675  136.0374982  144.1474846
 372.4453735  149.3020675  136.0374982  144.1474846
 393.3772669  405.3630369  219.9165460  319.0345485
 506.1640560  277.2164142  264.3516214  275.8130732
 527.1225485  182.8928656  375.1598786  124.3917591
 585.2668709  279.8892769  336.6204136  279.3113959
 392.2825332  195.5587682  153.6770686  193.6149743
 434.5032352  189.7097311  197.5359468  188.1764809
 435.3425848  258.4031799  197.4209209  256.7519976
 362.4085941  208.5790197  121.9414518  204.3373433
 438.9151530  210.5443727  199.7361326  204.8880578
 389.1764384  221.4499101  147.9673905  219.3675715
 412.4963144  117.2656256  177.8283887  114.2526430
 434.0203483  162.4322078  198.5667266  159.1762306
 431.0622168  237.0727623  192.6418091  235.1087307
 431.0622168  237.0727623  192.6418091  235.1087307
 457.0964437  119.6581158  219.1472680  119.7918532
 513.8306003  120.8418398  281.2415524  119.8281951
 521.1666817  168.2645888  275.9274725  168.8697226
 575.3978028  166.3772761  330.3995165  171.7249601
 575.3978028  166.3772761  330.3995165  171.7249601
 390.2060747  264.8234688  152.7683141  262.0998313
 471.6402463  229.0051437  234.8814329  220.1967457
 474.5887978  175.0601694  237.6521878  173.5814616
