    9.3889  208.5780  110.6097  199.1137
    9.5083  203.9030  111.0716  194.9012
   10.0411  393.7087   60.8095  371.9143
   10.2191  393.7002   60.8095  371.9143
   10.2264   12.0105  163.9153  311.8128
   10.8265  215.1194  111.2577  205.2517
   11.6682  221.4036  111.6776  211.6401
   13.5047  384.5837   66.4458  364.3186
   13.8082  517.5519   47.1500  487.9069
   14.9219  490.2226  194.0639   30.0137
   15.4165  394.9451   67.6751  374.0255
   16.2188  258.2524  111.9598  254.9490
   16.4115  246.2756  113.4148  235.3388
   17.3775  492.9041  199.4011   42.7180
   17.3865  517.3682  169.6263  558.8178
   17.6820   76.0186  305.1399  617.6396
   19.0873  526.7663  172.7170  534.4704
   19.2135   80.5974  134.5488   80.4173
   19.2551  494.1494   52.5402  467.3681
   19.3859  241.7879  115.8816  231.4118
   22.9460  310.9706  321.0535  375.5208
   24.8756  184.7753  126.1585  179.2588
   25.9855   77.8935  141.2723   81.0197
   26.1216  373.6856   79.2099  355.7648
   27.1594   82.7423  143.3685   93.7756
   28.3307   69.6453  149.1348   71.7221
   28.8766  477.8254   60.4490  459.6742
   29.1816  430.5517   89.7749  408.8932
   29.2001  510.2440  453.9274  593.9916
   29.4364   73.5260  141.2723   81.0197
   29.9148   76.6844  143.3685   93.7756
   30.9901  213.6659  127.3267  206.2624
   31.4427   81.4477  141.2723   81.0197
   32.0737  383.8441   84.8817  366.5310
   34.8234  426.2820   95.4613  406.4104
   36.1371   89.1769  149.5122   90.3720
   37.4502  440.1670  447.4203  217.2385
   37.8873  459.4946   71.2031  437.1696
   38.6655  107.0131  402.1391  110.5194
   40.6842  327.6682  105.5639  316.4692
   42.3416  450.5079   78.4038  429.7381
   42.5308  210.4719  137.5902  204.8991
   42.7827  487.9877   35.3388  244.3456
   42.8094  191.5957  141.5570  188.0522
   46.5454  491.7861  196.3427   41.2251
   49.1522  177.4941  149.4713  174.2638
   50.0087  447.5271   86.2572  428.2713
   50.8864  176.6816  232.8043   13.7635
   51.3243  233.0378  141.8909  227.3548
   52.0860  402.3260  104.1850  386.8802
   52.3718  425.1036  111.8788  407.5081
   52.7176  333.9884  369.0333  413.7077
   53.3671  215.5094  146.5048  210.9091
   55.0830  507.3716  245.6226  275.1008
   55.5159  433.4836  424.5115  469.1084
   55.8473  605.9819  355.9767   71.1796
   58.4004  619.5198   49.2675  603.8775
   58.9726  507.3849   72.5951  485.1459
   59.1519  176.5099  159.3459  175.1265
   59.4022  599.2625   47.1500  487.9069
   60.2807  608.1053  323.4053  527.0820
   61.3430  199.9393  157.9508  197.9967
   61.9589  440.6979   97.4988  424.6319
   63.2376  573.9987   23.8464  466.5598
   64.4166  220.3873  155.6068  216.9185
   67.9290  525.9187   75.2576  501.3615
   67.9424  187.8356  166.2728  186.9238
   68.1396  110.0141  172.9721   79.8063
   68.3848  264.4439  152.6562  259.0915
   69.6190  522.8961   75.2576  501.3615
   69.8350  427.8463  127.4825  409.4946
   69.9076  513.8019   78.1353  492.7525
   76.3463  261.5506  160.0332  257.1779
   77.9932  255.2727  162.5749  252.2477
   78.3833  255.5882  162.5749  252.2477
   80.4654  539.0366   89.8739  293.3543
   80.5418  163.5996  401.6886  258.9302
   80.8192  551.8233  378.8079  274.7215
   81.9014  440.2713  116.5998  426.9881
   82.0350  291.5248  150.7052  286.9543
   82.2812  404.4917   94.8695  383.6360
   82.6010  445.7122  114.9656  432.0630
   83.5910  282.8610  163.2500  278.9340
   84.0941  255.3395  168.1349  252.9536
   84.7606  261.9165  168.0758  258.5372
   85.2057  339.4774  141.3062  332.8606
   86.1007   47.7627  196.3427   41.2251
   86.1277  444.1981  119.1747  431.1083
   86.5120  250.2738  170.4448  248.7993
   87.0847   34.2075  199.4011   42.7180
   87.1688  281.0658  166.7856  277.6343
   87.5630   38.7529  361.0267  174.4431
   87.6076  317.2677  150.3326  312.3776
   90.1283  442.3779  122.7163  430.1987
   90.3323  252.8907  173.7765  251.4703
   90.4471  437.6414  124.6162  425.6336
   90.5110  447.4095  121.5103  434.9131
   90.5114   55.5906  199.4011   42.7180
   91.7883  326.6355  150.9305  322.0014
   92.4265  248.9065  308.8730  455.1375
   92.5487  269.3284  173.1546  267.2120
   94.0959   73.9842  201.0507   77.4533
   94.5761  432.9270  130.0823  422.0674
   95.4395  451.3242  124.2404  439.6220
   95.6756  253.6561  178.7875  252.2249
   97.0230  252.0020  180.0744  251.1388
   98.2096  433.6816  133.2090  423.3780
   99.2171  216.7018  193.2710  220.9014
  100.2850  449.7664  129.1001  439.0122
  102.3283  581.4243  295.3948   14.7614
  102.7359  134.0398  401.4990  380.7780
  103.4502  437.9215  136.2836  428.6193
  103.6664   55.6080  278.7311  327.1909
  105.3441  447.5368  135.2056  437.6620
  105.7744  440.1621  137.5739  430.6694
  106.0359   61.5214  249.5217   38.6080
  106.1754  133.4677   95.0126   95.9944
  107.4178  431.6871  142.2861  423.7132
  107.7693  302.4969  173.5895  301.2909
  108.0190  142.3254   95.0126   95.9944
  108.1319  329.9690  166.1861  327.5017
  108.4039  238.0727  192.7952  239.3610
  108.8564   78.4828  257.5946   38.3623
  108.9354  412.3930  194.0639   30.0137
  108.9693  474.0974  127.8020  462.5232
  109.3364  156.9456  206.9165  172.4078
  110.0175   83.7939   63.0340  269.1795
  110.2695  615.2273  345.6678  546.7718
  110.5587  445.8953  139.7781  437.0967
  110.6439  244.0354  196.2818  242.7120
  111.5179   92.7562  356.2477  257.5350
  112.0541  471.3234  131.8617  461.0283
  114.0162  619.7785  345.6678  546.7718
  114.7363  440.8193  145.1178  433.1138
  116.8354  623.2032  323.4053  527.0820
  117.4733   99.6095  221.0369  106.5399
  118.9003  525.4471  116.3168  512.6355
  118.9884  604.3878  350.8079   15.0046
  119.4093  225.9851  321.0535  375.5208
  119.4257  136.6628  241.9468   38.5225
  119.7299  436.2083  151.2924  429.5876
  120.1212  470.9964  139.1347  461.7092
  120.1577  627.0923  150.3273   78.0441
  120.3133  141.3443  218.8532  146.7687
  121.8355  618.9630  362.5367  555.9815
  123.8294  141.8700  420.1332  465.4555
  126.4475  229.5786  278.5757  165.9204
  126.5373  442.7736  155.1167  436.8895
  127.0607  122.5300  233.6422  130.0750
  127.8526  160.0461  329.2348  153.9403
  128.0571  167.7085  329.2348  153.9403
  128.1245  463.7889  148.9784  456.8333
  129.1809  421.9376  164.5464  418.3932
  129.1931  169.0028  406.0288  438.0987
  131.0456  182.8590  406.0288  438.0987
  131.3734  416.1558  169.2166  412.0405
  132.3178  151.5576  234.1445  158.3250
  132.5337  512.8442  133.4918  502.5839
  133.2216  621.9248  350.8079   15.0046
  133.6895  439.5246  162.7495  435.0123
  134.1983  196.3588  406.0288  438.0987
  135.0393  219.8501  456.5950  496.6948
  135.5643  461.1851  156.6807  455.6878
  136.9740   26.1480  249.5217   38.6080
  137.3655  218.0788  406.0288  438.0987
  137.5146  195.6844  130.4267  273.4736
  138.8776  225.6491  424.5115  469.1084
  141.9018  522.3203  137.6260  514.2251
  142.2698  457.9280  164.0191  453.9510
  142.3053  535.9873  132.6025  526.2833
  143.0632  501.7097  148.0190  494.5599
  143.6848  233.4458  112.9387  258.6629
  143.9612  510.9361  144.5217  503.3389
  147.3891  499.6052  152.7585  493.3567
  147.7478  507.7267  149.4800  501.0471
  149.6642  459.7813  169.5979  457.2195
  149.7417  557.8202  130.5329  547.4165
  150.2825  507.7197  151.6481  501.8680
  152.1603  624.5717  369.0333  413.7077
  153.7415  513.1742  151.8823  507.4159
  153.9563   23.7258  261.6786  477.9527
  156.7632  495.9804  163.4420  491.0602
  157.0440  576.4644  129.4348  565.8283
  157.7537  490.4640  165.3415  487.3034
  158.3507  518.5440  153.9668  513.2620
  158.5337  451.3844  180.7117  450.5699
  158.6139  573.2354  131.9345  563.2924
  161.0010  495.4121  165.8105  492.1813
  162.5129  568.7459  138.5366  559.8357
  162.8570  499.7945  166.0110  496.3280
  164.8459  503.4934  165.9630  500.5057
  165.5247  490.1601  172.4259  487.9981
  166.3350  498.0386  170.2600  495.5763
  167.0959  452.2950  188.6087  452.7800
  168.4148  567.4881  143.8975  559.6406
  169.0488  487.6431  176.6679  486.6832
  170.2160  513.4567  167.3521  510.4652
  172.1303  519.9244  165.9810  517.3536
  173.2642   92.2069  451.0395   89.3847
  175.1215   99.3684  269.2240  382.8851
  175.1290  250.8419  447.1085  165.7708
  175.5120  251.4753  321.0535  375.5208
  175.7098  109.9643  288.5078  123.0439
  176.7356   63.3551  300.4555   75.3726
  177.1201   91.5886  451.0395   89.3847
  177.1881  569.5982  150.4293  563.6882
  178.5499   59.8293  301.6362   72.6158
  179.4160  533.1446   43.9995  622.5244
  181.0913   88.0667  453.9274  593.9916
  182.2434  254.5853  321.0535  375.5208
  182.6761  561.6309  157.9693  557.5730
  183.8278  190.2522  265.2920  413.4513
  185.5428  189.3886  109.2043  625.1439
  192.8088  562.3581  225.8020  572.1522
  193.2028  521.2810   59.9750  569.7395
  193.7269  487.0377  186.9532  490.4347
  195.7093  500.6668  186.5306  503.4172
  196.3659  167.6601  261.1690  162.9408
  197.6839  209.6204  458.3362  229.7740
  197.7854  214.2981  329.0886   21.3770
  198.1013  207.3612  356.2477  257.5350
  198.2230  196.1841   23.8464  466.5598
  200.1110  597.1630  159.5957  593.8042
  200.6591  568.1352  225.8020  572.1522
  200.8704  235.6307  320.7563  152.6229
  200.9002  364.6615  204.9977  375.4000
  201.0426  159.2172  261.1690  162.9408
  201.5906  564.6852  172.4108  564.1794
  203.4348  486.6387  194.5136  491.3065
  205.2871  205.0553  223.1499  203.6015
  205.3469  204.6100  252.8448  349.2297
  206.5846  159.5150   67.6751  374.0255
  206.9050  213.2205  218.1018  232.4853
  207.1340  491.1164   47.5750  608.2542
  208.0597  196.1105  221.4644  216.1512
  209.6562  477.8005  202.1027  482.5318
  210.8027  364.9125  212.9593  376.9066
  210.9899   57.5003  324.9760   75.2041
  211.0297   57.9265  324.9760   75.2041
  211.7690  461.2090  265.0348  481.5457
  212.2838  482.3679  202.1027  482.5318
  212.4977  377.2854  210.9770  391.0366
  213.1764  235.8268  111.8495  625.6419
  213.9386  152.8855  219.4868  192.2243
  214.0123  558.4889  187.0848  561.3928
  214.0564  325.0802  369.0333  413.7077
  214.1838  196.7119  226.0169  217.6658
  214.2296  462.1257  213.4143  474.2794
  214.4461  227.8622  222.5658  246.2771
  214.7181   54.1656  329.2263   71.8109
  214.8727  331.8757  225.1602  495.3703
  215.2788   54.4569  329.5791   72.1805
  215.7537  586.1568  178.4219  587.3407
  216.3941  368.5748  216.9363  381.4775
  216.6108  484.4762  205.4025  491.6628
  216.7626  489.4447  221.9943  560.7758
  217.6687  197.2717  229.2518  218.7547
  218.4327  234.6402  388.6478  100.0498
  218.4404  347.9195  384.8781  473.4354
  218.6053  149.7299  249.5217   38.6080
  219.2164  332.0818  329.0886   21.3770
  219.2730  145.4479  320.7563  152.6229
  219.7251  220.3119  228.7885  242.1126
  220.3757  165.4895  237.2342  188.1567
  221.0438  629.0107  164.9416  627.7861
  221.1918  464.9936  213.4143  474.2794
  221.2067   93.4935  329.7474  111.0845
  222.7239  587.3795  184.6698  589.8947
  223.6192  164.1433  240.6873  187.2512
  223.9221  576.3145  362.5367  555.9815
  224.4491   62.2159  337.7888   80.6970
  224.6433  143.2760  329.2348  153.9403
  225.1682  584.4406  186.6316  587.6984
  226.1049  210.8295  235.4448  232.7740
  226.5625  307.2009  239.8592  323.9029
  227.1978  193.4641  239.3912  216.2148
  227.4623  235.5216  233.8689  256.1326
  228.1012  205.7429  238.1178  228.4220
  228.2066  223.8057  236.0660  245.8697
  228.5202  138.9120  331.0747  152.9549
  228.7717  467.7840  220.0274  478.2895
  229.3378   81.9674  338.7909  100.5972
  229.4501  209.9005  238.5731  231.9820
  229.7136  172.6100  244.4202  196.4087
  229.8023  577.8036  194.9592  582.4736
  229.9647  563.6393  203.9499  568.8322
  230.2783  547.4968  206.9730  554.0897
  230.3812   50.9666   94.8695  383.6360
  230.6867  551.7526  205.6002  558.0281
  230.7517  624.5420  267.3000  568.7551
  230.7520  203.7922  240.6360  227.4160
  230.8170  563.0160  203.9499  568.8322
  231.7903  187.9064  244.5305  211.1740
  231.8502  483.1530  225.1602  495.3703
  232.3471  361.9863  314.0851  471.1103
  233.4047  331.4231  291.8112  255.8491
  233.8428  345.3969  241.4399  362.1840
  233.9556  350.5128  241.4399  362.1840
  234.3950   91.3866  344.1515  110.3984
  234.5020  578.3929  199.1942  584.0757
  235.3886  469.9539  231.3405  484.4559
  235.6946  321.0799  245.1760  339.2805
  235.9593  328.9057  244.7418  346.4427
  236.2106  334.1221  327.0595  604.8670
  236.4413  551.2608  211.7213  559.6893
  236.4684  585.0489  197.9445  590.6277
  237.0893  484.0272  225.1602  495.3703
  237.1758  197.0448  247.3509  220.4451
  237.1992  555.3929  211.1266  563.3987
  237.2941  211.6710  245.7927  235.2308
  239.0650  133.4158  265.3936  160.1901
  239.3418  487.3592  243.7901  364.9564
  239.3811  233.5989  244.5573  256.2313
  239.5483  238.3285  244.4487  260.5917
  239.8409  545.7720  214.5717  554.0579
  239.9655  194.0789  247.3509  220.4451
  240.0400  252.7936  245.6226  275.1008
  240.3038  176.0893  254.0425  201.3629
  240.4173  231.6071  247.2477  254.4660
  240.6083  326.2337  249.3585  344.2264
  240.8035  214.0355  248.5948  237.6359
  241.1893  484.6563  225.1602  495.3703
  241.2103  223.0943  248.3226  246.5751
  241.6523   61.7491  355.6270   81.6183
  241.7751  276.4609  253.8602  297.8978
  242.1921  308.5094  255.2302  329.9291
  242.9589  135.5923  320.7563  152.6229
  243.1339  578.3462  206.6706  585.9317
  243.2983  554.1974  215.8032  562.9212
  243.3669  234.1816  248.5627  257.3102
  243.4064  204.1954  252.3205  228.5114
  243.4908   32.8412  365.4453   52.4612
  244.4145  571.3897  210.5191  579.4272
  244.9908  253.0977  265.0348  481.5457
  245.0034  136.6314  323.8219  153.9297
  245.4232  560.2920  216.2486  569.1619
  247.4081  275.0040  243.9402  456.5134
  247.7358  310.0211  259.1140  328.9579
  247.9321  197.2697  257.5598  222.4087
  248.3428  319.9725  256.8233  335.9712
  248.5239  575.2616  213.1849  584.2312
  248.7307  285.0972  258.8850  305.5905
  249.3881  197.6238  258.5972  222.7656
  249.6805  202.4175  258.9626  227.5376
  250.0292  556.8949  220.7324  566.9941
  250.0623  115.5104  359.0247  135.7318
  250.2784  222.5108  256.8358  247.0356
  250.2927  276.2227  261.0824  298.4059
  250.4524  172.7877  264.2683  199.0892
  250.9860  616.0432  198.3156  622.6097
  251.2066  550.3018  221.9943  560.7758
  251.2593  292.2292  243.9402  456.5134
  251.6610  206.7370  260.0795  231.7497
  252.5189  250.0633  257.9104  273.8028
  252.8648  137.3688  329.2348  153.9403
  253.5488  215.5627  260.9720  240.5331
  254.4160  221.6403  260.5311  246.6855
  254.6047  569.1204  221.6340  579.7671
  255.1487  304.2819  267.1043  326.6234
  255.2924   60.3427  370.0255   81.3756
  255.8539  238.2782  260.8754  262.7456
  256.3439  473.4503  244.7355  488.6739
  256.3609  225.1786  261.8346  250.5984
  256.8840  560.7312  225.8020  572.1522
  257.2685   64.3915  371.5009   85.4464
  257.7179  314.4570  266.7472  336.5532
  261.4997   55.2331  377.8319   77.0593
  261.6992   80.8058  374.0247  102.4179
  261.8973   55.4401  377.8319   77.0593
  262.4799  269.1427  274.3192  293.0344
  262.9915  280.9367  276.5608  303.5096
  263.0339  233.8789  267.6033  259.5336
  263.6183   86.5195  375.4205  108.2927
  263.6539  176.7466  276.6211  204.2291
  263.9129  238.4863  268.0389  264.0096
  264.1636   45.3207  383.0476   67.0767
  265.2211  131.8033  353.9858  265.0828
  265.3207  113.7592  376.1394  135.3322
  265.3886   93.0201  378.5011  114.9233
  265.7392  119.0407  375.8177  140.6868
  265.9499  567.0073  236.5699  579.3623
  266.1110  121.4131  375.8177  140.6868
  266.4823   72.5445  380.3761   94.6002
  266.6132  190.8982  276.1524  218.2233
  266.8094   75.1337  380.2474   97.2615
  267.2637  233.5380  271.3074  259.6864
  267.6239  253.2164  270.7585  278.2028
  268.0265  115.1849  383.7831  205.7074
  268.6043  438.0097  243.9402  456.5134
  268.8087   55.9134  384.9639   78.0225
  269.6147  222.9818  274.4262  250.7011
  269.7001  379.5394  270.0500  387.7529
  269.7451  369.6443    8.5753  552.0327
  270.3367  377.0847  270.0500  387.7529
  270.3789   81.1214  382.8762  103.5604
  270.4928  179.8759  281.6923  207.8614
  270.5809  335.6366  163.4359  207.4841
  271.6779  231.4584  275.0150  258.7942
  272.4738  133.0295  219.0223   93.3563
  272.6730  253.1627  276.2352  280.9427
  274.2240  154.8694  293.5620  183.7960
  274.2923  320.9356  277.9727  359.6828
  274.9685  229.0732  278.1373  256.5953
  275.0128  224.1079  279.4496  251.8267
  275.5123   72.5114  344.0985   22.9448
  275.5795   54.2394  392.8258   75.8708
  275.6426  181.0649  286.0017  210.0475
  276.0312  232.1895  278.7599  259.8690
  276.2733  373.8178   43.5595  350.8384
  277.5002   86.1809  390.3450  109.2954
  278.7441  601.0798  229.7581  614.9737
  279.2021  310.6330  287.0644  334.7962
  279.6450  506.8740   65.1942  239.9052
  280.6521  353.5783  321.0535  375.5208
  280.8665  407.8550  264.5920  430.3177
  281.2846  102.1424  397.0326  125.0356
  281.3083  178.4440  292.1133  208.1416
  281.8491   46.5194  401.8811   69.4057
  282.0141  340.8152  220.0274  478.2895
  282.2834  226.0961  241.4399  362.1840
  282.3215  447.2805  254.3186  468.1924
  283.4787  126.0026  320.7563  152.6229
  284.3961  157.8876  302.8238  187.8965
  284.8243   55.0759  403.6025   78.7952
  285.2349  531.7861  265.2423  551.7471
  285.5800  510.5902  275.0579  531.4117
  286.1805  305.8767  293.9375  333.2479
  286.4727  311.9740  297.7416  361.2249
  286.8344  552.6246  267.3000  568.7551
  287.2602  104.6396  403.5958  289.5851
  288.9552  157.8423  306.7416  188.5405
  289.2570  514.7870  272.7965  532.0758
  289.4185  226.3167  291.8112  255.8491
  289.5173   86.3172  402.1391  110.5194
  290.1081  454.5221  265.0348  481.5457
  290.6279  510.0626  278.6896  531.7181
  290.9654  550.7284  267.3000  568.7551
  291.9051  285.3601  304.9487  313.2244
  292.2551  428.9959  273.4287  453.3653
  293.1586  170.7552  304.3454  202.9247
  293.9943   91.1502  307.4978   20.1243
  294.9932  458.2008  265.0348  481.5457
  295.0950  111.0303  410.0139  135.6798
  295.6651   54.4136  415.9305   79.0470
  296.3600  147.8773  317.0958  178.6607
  296.4344   47.6633  135.6934   89.2299
  297.4601   81.1032  102.8427  106.3375
  298.3501  456.4727  346.1695  599.0216
  298.7141  335.8484  106.0449  616.7272
  300.1703  323.1572  334.5250  472.1251
  300.2819  330.2069  304.8822  358.5643
  301.2816   81.3355  302.2124   14.9747
  301.4803  120.7932  261.1690  162.9408
  302.1723  589.8816    9.7055  545.7764
  302.7021   48.3077  424.2666   73.0428
  303.6404   54.7240  425.2639   80.0719
  305.1977  149.5468  378.1136  171.4730
  305.4891  363.2067  402.0948  229.7781
  305.6656  223.0058  308.8099  255.0014
  306.4299  142.3156  327.7624  175.0869
  306.5813  371.3306  307.3714  398.7511
  308.3590   50.4452  430.2739   74.1009
  309.0405  491.6999  302.1953  516.8882
  309.6924  223.0968  312.6397  255.4037
  309.9539  162.5784  326.6511  195.4181
  310.1576   70.4596  382.9527   92.3005
  310.4103  497.9050  303.2719  523.3814
  310.7747  228.7082  216.7485  569.2417
  310.9595   73.6157   95.0126   95.9944
  311.6410   96.0465  430.9364  121.8490
  312.0367  225.8323  315.3654  258.2723
  314.1042  445.2455  288.5844  473.2943
  314.1963  502.8817  304.9731  529.2625
  314.3072  228.7600  317.2541  261.6047
  314.4031  312.4024  322.8112  344.6429
  315.3275  102.4542  432.4691  129.1184
  315.5050   78.4769  431.0722  104.6904
  315.8709  173.5602  331.3602  209.3631
  316.4494  123.7610  333.8870  284.6932
  318.5387  101.6159  436.1684  128.2629
  318.8377   60.7180  437.9632   87.0286
  318.8768  254.7523   98.2036  274.9615
  319.2252  269.4932  331.6936  297.7867
  319.2382   82.1888  436.3177  109.1817
  319.3622  172.4627  334.8825  207.0970
  319.5157   73.9539   95.0126   95.9944
  319.9342   78.2251  437.9656  105.2874
  320.2032   49.7434  443.3978   76.0509
  321.0079  386.9214  320.0483  417.2306
  321.4930  423.8925  292.2578  439.4917
  321.5801  258.7444  441.2940  469.1403
  321.7467  220.0274  324.7499  252.9910
  322.0490  176.5940  337.0757  211.2026
  322.0684   76.1688  440.7685  103.4108
  322.3323  127.7281  198.8349   82.0874
  322.4795  290.0784  261.6786  477.9527
  322.7144   87.1498  439.2472  114.4587
  322.7986   79.2263  440.6167  106.4629
  322.8405  455.4645  294.4249  483.8480
  323.7370   56.9435  444.0580   83.4011
  324.7071  147.1703  346.9977  181.6997
  324.7159  176.2043  339.8323  209.2293
  324.8839  246.5572  329.5785  280.3555
  325.5707   82.8100  443.0925  110.3087
  325.7551  242.8892  330.8045  276.6082
  326.5189   68.4143  445.4438   95.6978
  326.8491  430.3017  149.6932  195.9412
  327.1273   78.7093  445.5644  106.2739
  327.3832  395.3314  324.3581  425.8503
  327.7250   73.9965  329.0886   21.3770
  328.0742  363.3213  321.0535  375.5208
  328.4884  157.8633  348.7685  192.9276
  329.4401  420.9679  326.9095  451.0907
  329.5742  506.5836  319.8782  537.6100
  330.5240   61.6142  451.0395   89.3847
  330.7053  219.5824  337.0111  254.3660
  331.1458  409.2065  229.7581  614.9737
  331.2499  389.6853  329.4372  421.2946
  331.2763  291.8208  406.0288  438.0987
  331.5228  241.3429  227.4819  181.1750
  331.6319  413.2795  229.7581  614.9737
  331.8960  376.2447  330.0751  406.5676
  332.0351  298.0719   89.7749  408.8932
  332.0422  496.9612  323.4053  527.0820
  332.0681  433.6975  300.3151  446.9818
  332.2992  216.1271  324.7499  252.9910
  332.3189   77.2441  451.4911  105.5432
  332.6656  247.5316  348.7847  276.4535
  332.7539  116.1791  449.7640  144.9754
  332.9055  595.3326  282.4495  622.2105
  333.5033  196.7961  231.8788  242.9679
  333.5271  381.5831  333.2708  412.3478
  334.0476  158.5868  353.7632  194.4022
  334.1021  220.6513  340.6409  256.0279
  334.3377  259.5243  431.2244  290.3850
  334.6891  600.6614  281.4191  627.2535
  335.1527  241.5200  223.8411  181.0424
  335.9488  253.0915  433.7598  284.3510
  336.5677   74.2596  456.4581  102.5904
  337.1476  592.3472  287.7026  620.3304
  337.3362   99.9290  456.4833  128.8524
  338.2232  212.4866  346.0482  248.9758
  338.9609  258.0389  436.0429  290.0088
  339.0277  178.6421  356.1187  214.4767
  339.5677  616.4159  198.8349   82.0874
  340.1726   74.4471  365.3169  180.3951
  340.5165  173.9791  359.1212  206.4700
  340.5941   68.6395   93.8774  270.6207
  340.7164  226.9562  456.5950  496.6948
  340.7607  595.0934  289.7767  623.3417
  340.8180  170.2629  254.7785  217.9803
  341.2999  590.0316  292.4503  619.0691
  341.5979  147.4398   23.8464  466.5598
  342.1776  144.4090  261.1690  162.9408
  344.8762   74.7867  466.4229  103.9372
  345.2280  590.2991  295.9363  620.1068
  345.9654  596.2464  294.3660  625.7966
  346.6883  101.4845  466.8249  131.1581
  347.7290  123.1134   72.5951  485.1459
  348.3221  123.8138   72.5951  485.1459
  348.3745  210.1480  230.7865  238.8021
  348.4453  590.6902  298.9156  621.0368
  349.0465  450.8173  286.4209  161.0562
  349.8775  137.6485  254.3186  468.1924
  349.8923  145.4945   53.6286  455.2650
  350.2542  162.9718  344.0985   22.9448
  351.0119  153.8014   65.1942  239.9052
  351.4030  199.7946  160.0332  257.1779
  351.5923  126.3382   75.2576  501.3615
  351.7404  249.7728  451.2706  282.5737
  352.3348  583.5698  305.9544  615.4513
  352.9101  592.2094  302.8735  623.6604
  352.9327  585.6104  305.1399  617.6396
  353.8131  587.6495  305.2140  619.3849
  354.9248  455.2663  213.4143  474.2794
  355.6828  241.5284  456.6238  275.3371
  356.0852  227.9422  459.5469  261.4682
  357.2389  226.2671  460.8642  260.2109
  358.0839  588.4109  309.2663  621.2238
  358.8065  584.4451  305.2140  619.3849
  359.1690  359.5763  286.4209  161.0562
  361.1793  151.6740  386.8672  607.8721
  362.2918  580.8278  316.8242  615.2627
  362.5766  572.6777  320.0720  607.2835
  363.1321  384.4113  324.3581  425.8503
  363.1598  409.6510  406.0288  438.0987
  363.3517  585.1221  315.9227  619.0948
  364.8242  590.8677  314.7778  624.9029
  366.0591  360.2328  255.4463  187.0753
  366.1070  156.5562  442.6448  263.4115
  367.3204  332.7550  450.0565  370.0387
  367.9252  568.9342  327.0595  604.8670
  368.9883  376.6913  382.2006  415.1535
  370.4531  356.6515  393.2779  398.9207
  372.0151  580.4483  325.9346  616.8615
  373.5757  569.4264  332.4711  606.5614
  374.1604  574.8508  330.3785  611.8354
  375.3038  591.3046  386.8672  607.8721
  375.5976  564.3002  335.8934  602.2004
  376.6515  518.6503  343.1124  605.6717
  377.1419  366.3901  196.9507   50.9980
  377.4531  348.8071  455.2619  387.8543
  378.1707  576.0856  334.1746  613.8571
  379.4251  567.0163  339.0674  605.7406
  379.4592  351.4572  456.5901  390.8812
  380.3620  372.9730   75.2576  501.3615
  380.4247  376.7582  401.0163  374.4247
  380.7369  340.4181  461.2849  379.8965
  380.9990  354.1816  456.8776  394.1370
  383.2541  579.6494  377.9768  175.3432
  383.2804  586.6948  386.8672  607.8721
  383.4032  566.0018  343.1124  605.6717
  383.8715  559.0247  346.1695  599.0216
  384.2457  572.7089  380.6451  599.7115
  385.0395  524.6674  362.5047  565.1967
  385.2046  442.4837  405.5331  193.3824
  386.2780  343.5097  113.4605   59.5262
  386.6186  566.6072  346.1384  606.5417
  389.0958  575.6656  377.9768  175.3432
  391.4189  566.7891  350.8305  608.2141
  393.7120  531.2169  368.7635  573.9799
  393.8707  463.6827  405.8751  513.3352
  396.2521  576.9267  351.8294  618.3953
  396.9920  364.5819  469.7637  407.0225
  397.1189  158.7697  425.5411  202.5387
  397.2490  564.0547  357.6468  606.7060
  398.4967  550.9172  364.5671  594.4656
  398.5826  463.5804  403.4321  507.1673
  400.4815  560.7365  362.2746  604.1855
  400.5282  165.4538  320.0720  607.2835
  401.8659  404.4602  313.9221  463.9104
  403.4799  407.0030  439.7633  472.2158
  403.9439  143.9880  104.7182  119.7965
  404.7223  219.3761   12.6550  508.3492
  405.0013  559.6705  366.9533  604.3307
  406.8475  545.0740  374.8266  590.4798
  407.9639  467.6520  403.4321  507.1673
  407.9933  563.2331  441.1155   88.2937
  408.8274  556.7284  374.7280  601.9494
  408.8567  585.5132  381.6166  624.8739
  409.0283  556.7369  374.7280  601.9494
  411.1099  547.0594  378.8716  593.5730
  414.1851  414.5232  468.8666  461.4956
  415.3388  552.6888  380.6451  599.7115
  416.3904  337.1451  299.3520  452.1313
  417.5396  471.9744  418.7524  519.7534
  418.5467  532.5155   66.0970  533.5612
  421.0824  554.8032  384.8976  602.8837
  422.1866  541.1497  392.6781  590.3107
  425.1232  546.8602  393.4111  596.1884
  425.2032  502.3466  413.6996  551.8752
  426.1835  470.7895  427.6379  520.9544
  428.3258  481.2762  439.7400  530.0894
  428.3798  573.7835   89.8739  293.3543
  428.5240  508.0069  414.5531  558.2015
  428.8180  545.1767  397.8574  595.3008
  430.3164  549.9737  396.2246  600.6462
  432.8980  507.3298  417.7584  558.2433
  432.9888  543.0263  402.4231  594.5126
  433.6609  512.6742  417.8745  563.7822
  433.7558  533.6737  406.5840  585.8037
  434.2237  435.2083   17.4978  479.5680
  434.3675  567.1812  408.5191  167.1239
  434.9244  489.6728  426.9081  540.8376
  435.3556  553.4612  445.4438   95.6978
  437.1038  546.2432  404.8960  598.9851
  437.9350  492.7122  430.7122  544.8552
  440.0117  334.4246   67.6751  374.0255
  441.3886  330.4022  333.8870  284.6932
  441.6069  334.6371   74.6764  424.9891
  442.6045  506.0910  427.4129  559.6124
  445.2914  333.8312  254.3186  468.1924
  446.2498  486.9287  441.6069  540.8619
  446.5855  330.9633  333.8870  284.6932
  449.2208  484.5023  444.8713  539.3341
  452.1303  481.6795  449.2587  536.9609
  456.8655  469.2024  458.5268  525.8340
  457.2756  620.1319  346.0482  248.9758
  458.1351   48.1764  249.5217   38.6080
  458.3621   96.1308  219.4868  192.2243
  460.7898  556.8413  381.6166  624.8739
  461.0847  556.0922  381.6166  624.8739
  461.7704  617.0091  346.0482  248.9758
  465.1608  149.4929  249.5217   38.6080
  465.6752  471.4410  466.5454  529.7067
  466.6474  553.2455   89.8739  293.3543
  467.1538  166.9180  307.4978   20.1243
  468.1427  187.2681  344.0985   22.9448
  469.4913  265.7808  321.0535  375.5208
